1.000000000000000000e+00,5.092131389300772071e+01
1.009009009009008917e+00,3.712636890101952503e+01
1.018018018018018056e+00,5.516111702110440262e+01
1.027027027027026973e+00,4.661084467202134363e+01
1.036036036036036112e+00,4.399881666733912056e+01
1.045045045045045029e+00,3.962454349515217444e+01
1.054054054054053946e+00,5.205764804100398635e+01
1.063063063063063085e+00,4.023558248728957665e+01
1.072072072072072002e+00,5.060521243970462280e+01
1.081081081081081141e+00,3.652958910003434312e+01
1.090090090090090058e+00,4.358962272849866793e+01
1.099099099099099197e+00,4.411094685374497715e+01
1.108108108108108114e+00,4.244957742606691653e+01
1.117117117117117031e+00,4.639612536407534549e+01
1.126126126126126170e+00,4.254262352371191724e+01
1.135135135135135087e+00,4.418525924921842574e+01
1.144144144144144226e+00,4.159249728946596747e+01
1.153153153153153143e+00,4.578310615430980590e+01
1.162162162162162282e+00,5.655471409729815946e+01
1.171171171171171199e+00,4.993160156678592898e+01
1.180180180180180116e+00,3.898295092932846728e+01
1.189189189189189255e+00,5.017707793853249143e+01
1.198198198198198172e+00,5.325689067468947258e+01
1.207207207207207311e+00,5.483285758216051420e+01
1.216216216216216228e+00,5.556015094531257148e+01
1.225225225225225145e+00,4.224400734654452094e+01
1.234234234234234284e+00,5.533279098967312848e+01
1.243243243243243201e+00,4.410356032334575360e+01
1.252252252252252340e+00,3.761048776205615951e+01
1.261261261261261257e+00,4.169921925520898753e+01
1.270270270270270174e+00,4.017336770000067503e+01
1.279279279279279313e+00,4.840649842887975041e+01
1.288288288288288230e+00,4.971687086519673926e+01
1.297297297297297369e+00,5.013550441451369011e+01
1.306306306306306286e+00,3.848387762447262617e+01
1.315315315315315203e+00,5.443466995146658860e+01
1.324324324324324342e+00,5.223489110648647227e+01
1.333333333333333259e+00,4.571023726778387442e+01
1.342342342342342398e+00,3.786851360287384693e+01
1.351351351351351315e+00,4.685572506130179704e+01
1.360360360360360232e+00,5.569099511641036315e+01
1.369369369369369371e+00,5.764069481494063041e+01
1.378378378378378510e+00,3.826914868585951268e+01
1.387387387387387427e+00,5.451173197168195372e+01
1.396396396396396344e+00,3.925056064862945959e+01
1.405405405405405483e+00,5.273940544374966777e+01
1.414414414414414400e+00,5.124759040814191735e+01
1.423423423423423539e+00,5.485792550339039053e+01
1.432432432432432456e+00,5.106120005980105248e+01
1.441441441441441373e+00,4.872311550802250935e+01
1.450450450450450512e+00,5.122448788154937915e+01
1.459459459459459429e+00,4.230936616973717435e+01
1.468468468468468568e+00,4.621329717391412828e+01
1.477477477477477485e+00,5.306151539996739075e+01
1.486486486486486402e+00,5.205774825392784066e+01
1.495495495495495542e+00,5.209612374272781210e+01
1.504504504504504458e+00,5.330272627489922854e+01
1.513513513513513598e+00,5.468531360785695483e+01
1.522522522522522515e+00,5.826629790380853535e+01
1.531531531531531432e+00,5.239439051893013755e+01
1.540540540540540571e+00,5.578744874962218603e+01
1.549549549549549710e+00,5.723597635419154983e+01
1.558558558558558627e+00,5.038945989809646164e+01
1.567567567567567544e+00,4.998339383337399511e+01
1.576576576576576461e+00,4.443069160918993532e+01
1.585585585585585600e+00,5.710257053567243446e+01
1.594594594594594739e+00,5.790101872007119255e+01
1.603603603603603656e+00,5.525374683768801276e+01
1.612612612612612573e+00,5.366094087919623234e+01
1.621621621621621490e+00,5.053818982619006306e+01
1.630630630630630629e+00,4.583476357391126044e+01
1.639639639639639768e+00,4.299554835706115341e+01
1.648648648648648685e+00,5.075099912628858334e+01
1.657657657657657602e+00,4.625991739289412408e+01
1.666666666666666519e+00,5.892071089899870628e+01
1.675675675675675658e+00,4.435941516355207170e+01
1.684684684684684797e+00,5.553328774370363874e+01
1.693693693693693714e+00,4.413046653655957385e+01
1.702702702702702631e+00,6.020992659476775088e+01
1.711711711711711548e+00,5.187726499342213060e+01
1.720720720720720687e+00,4.966515384825439128e+01
1.729729729729729826e+00,4.556423605717587577e+01
1.738738738738738743e+00,4.591236042762339764e+01
1.747747747747747660e+00,5.700696948735499348e+01
1.756756756756756799e+00,4.596227386301205797e+01
1.765765765765765716e+00,5.247484617443136301e+01
1.774774774774774855e+00,5.141562040418474311e+01
1.783783783783783772e+00,5.579164513735346276e+01
1.792792792792792689e+00,4.873773686143501749e+01
1.801801801801801828e+00,4.475693046500901318e+01
1.810810810810810967e+00,5.233097139503598783e+01
1.819819819819819884e+00,4.546263306505841939e+01
1.828828828828828801e+00,5.319573822263866703e+01
1.837837837837837718e+00,4.509164863695441738e+01
1.846846846846846857e+00,4.575984915935548258e+01
1.855855855855855996e+00,4.945110258715448737e+01
1.864864864864864913e+00,5.566581265989495364e+01
1.873873873873873830e+00,5.158136965808492391e+01
1.882882882882882747e+00,4.296002321157472892e+01
1.891891891891891886e+00,5.522168622735443222e+01
1.900900900900901025e+00,4.688196639490961104e+01
1.909909909909909942e+00,4.332350270275229320e+01
1.918918918918918859e+00,5.528691766126927121e+01
1.927927927927927776e+00,4.824630605482665402e+01
1.936936936936936915e+00,5.599300017573443711e+01
1.945945945945946054e+00,4.571823483691990475e+01
1.954954954954954971e+00,4.434987470777002727e+01
1.963963963963963888e+00,5.870143124840414828e+01
1.972972972972972805e+00,5.472755518664595087e+01
1.981981981981981944e+00,4.652132496504956549e+01
1.990990990990991083e+00,5.200110504323993155e+01
2.000000000000000000e+00,4.410315472324035824e+01
2.009009009009008917e+00,5.980579021653439042e+01
2.018018018018017834e+00,5.999428685354615709e+01
2.027027027027027195e+00,5.601510413825081969e+01
2.036036036036036112e+00,6.058458523652517158e+01
2.045045045045045029e+00,5.018586559626835708e+01
2.054054054054053946e+00,5.586284547493642094e+01
2.063063063063062863e+00,6.339245195120919618e+01
2.072072072072072224e+00,5.229455402832897448e+01
2.081081081081081141e+00,5.642760457900638471e+01
2.090090090090090058e+00,4.492278078658796403e+01
2.099099099099099419e+00,5.237545932196792364e+01
2.108108108108107892e+00,5.879098223479331153e+01
2.117117117117117253e+00,4.609220423042674497e+01
2.126126126126126170e+00,5.349022344276519902e+01
2.135135135135135087e+00,4.515936467660500853e+01
2.144144144144144448e+00,5.817086495719934192e+01
2.153153153153152921e+00,5.525913676871661551e+01
2.162162162162162282e+00,4.552993786002837595e+01
2.171171171171171199e+00,5.378153339735068528e+01
2.180180180180180116e+00,5.908276914198203400e+01
2.189189189189189477e+00,6.428154722757919615e+01
2.198198198198197950e+00,5.485482988382878489e+01
2.207207207207207311e+00,5.494666532209522813e+01
2.216216216216216228e+00,4.559239854549601034e+01
2.225225225225225145e+00,5.986276289639481263e+01
2.234234234234234506e+00,5.497209608932811875e+01
2.243243243243242979e+00,5.051273544085508149e+01
2.252252252252252340e+00,6.425513363503462472e+01
2.261261261261261257e+00,4.674076768452389530e+01
2.270270270270270174e+00,6.429592585865394483e+01
2.279279279279279535e+00,5.843996935570166329e+01
2.288288288288288008e+00,4.654366095945281501e+01
2.297297297297297369e+00,6.129403645280445545e+01
2.306306306306306286e+00,4.685414454314381771e+01
2.315315315315315203e+00,4.736931233591473500e+01
2.324324324324324564e+00,5.756913759950403175e+01
2.333333333333333037e+00,5.142792875636045835e+01
2.342342342342342398e+00,5.806988796170662681e+01
2.351351351351351315e+00,5.417419555851566315e+01
2.360360360360360232e+00,5.467452115436264393e+01
2.369369369369369593e+00,6.082100718777500248e+01
2.378378378378378066e+00,6.136645444959588502e+01
2.387387387387387427e+00,5.346049649447722629e+01
2.396396396396396344e+00,6.464605772106564530e+01
2.405405405405405261e+00,6.563530874521738667e+01
2.414414414414414622e+00,5.946594087131794026e+01
2.423423423423423095e+00,6.572215905107589151e+01
2.432432432432432456e+00,6.407487019228179292e+01
2.441441441441441373e+00,6.054452057650580343e+01
2.450450450450450290e+00,5.341262676536153720e+01
2.459459459459459651e+00,5.551482712211558379e+01
2.468468468468468124e+00,5.015678523622219132e+01
2.477477477477477485e+00,6.151097949465090409e+01
2.486486486486486402e+00,5.895401915598402809e+01
2.495495495495495319e+00,5.959839958878413313e+01
2.504504504504504681e+00,5.329548630096503103e+01
2.513513513513513598e+00,5.662099804207612408e+01
2.522522522522522515e+00,5.286640510953675687e+01
2.531531531531531432e+00,5.045313472999187354e+01
2.540540540540540349e+00,5.983248403885763622e+01
2.549549549549549710e+00,6.109779405652426476e+01
2.558558558558558627e+00,5.493891466138863677e+01
2.567567567567567544e+00,5.756428793525073218e+01
2.576576576576576461e+00,5.067998694404035831e+01
2.585585585585585378e+00,6.571719380342361205e+01
2.594594594594594739e+00,6.115561906038908546e+01
2.603603603603603656e+00,5.314181005459789731e+01
2.612612612612612573e+00,5.676826831329800171e+01
2.621621621621621934e+00,5.328059794577675490e+01
2.630630630630630407e+00,6.840043356445789868e+01
2.639639639639639768e+00,5.879208101566392486e+01
2.648648648648648685e+00,5.253609571652135912e+01
2.657657657657657602e+00,6.119411323972640560e+01
2.666666666666666963e+00,6.591551287469519593e+01
2.675675675675675436e+00,5.840570128006527284e+01
2.684684684684684797e+00,5.440173813337501230e+01
2.693693693693693714e+00,5.170745598377747143e+01
2.702702702702702631e+00,6.001831013555118943e+01
2.711711711711711992e+00,6.786036410166801147e+01
2.720720720720720465e+00,6.546101020974946039e+01
2.729729729729729826e+00,6.803901395784058082e+01
2.738738738738738743e+00,6.419575451187738224e+01
2.747747747747747660e+00,5.627015981401094535e+01
2.756756756756757021e+00,6.375579288987248106e+01
2.765765765765765494e+00,6.595383237644135477e+01
2.774774774774774855e+00,5.276829937552530225e+01
2.783783783783783772e+00,6.241301377555698338e+01
2.792792792792792689e+00,5.660033747060474241e+01
2.801801801801802050e+00,5.961814211726604640e+01
2.810810810810810523e+00,6.057090418889868033e+01
2.819819819819819884e+00,6.026130382018374121e+01
2.828828828828828801e+00,6.690940182019143379e+01
2.837837837837837718e+00,6.000193561457978575e+01
2.846846846846847079e+00,6.648573896612728618e+01
2.855855855855855552e+00,5.680669101571983504e+01
2.864864864864864913e+00,6.274239183474796278e+01
2.873873873873873830e+00,6.271271499862567822e+01
2.882882882882882747e+00,5.960346077062322223e+01
2.891891891891892108e+00,5.734373706285163763e+01
2.900900900900900581e+00,6.760527749704922940e+01
2.909909909909909942e+00,6.988689478495292917e+01
2.918918918918918859e+00,6.205341689417426210e+01
2.927927927927927776e+00,5.816817711157248283e+01
2.936936936936937137e+00,7.465490488469158947e+01
2.945945945945945610e+00,5.776998812927393345e+01
2.954954954954954971e+00,6.330629617478773241e+01
2.963963963963963888e+00,6.027092213274050181e+01
2.972972972972972805e+00,7.530179566534297919e+01
2.981981981981982166e+00,7.509254425840782687e+01
2.990990990990991083e+00,5.862496854043532579e+01
3.000000000000000000e+00,7.081470916080232314e+01
3.009009009009008917e+00,5.780399917071856208e+01
3.018018018018017834e+00,7.064896818078545948e+01
3.027027027027027195e+00,6.370682887413606466e+01
3.036036036036036112e+00,7.392603307078478281e+01
3.045045045045045029e+00,6.134325599089788028e+01
3.054054054054053946e+00,6.407005984291394896e+01
3.063063063063062863e+00,7.220541987120003569e+01
3.072072072072072224e+00,7.736410489367980858e+01
3.081081081081081141e+00,6.393780196233807089e+01
3.090090090090090058e+00,5.963224273777763784e+01
3.099099099099098975e+00,7.686168853179937344e+01
3.108108108108107892e+00,7.020974523701690373e+01
3.117117117117117253e+00,6.500772583671539451e+01
3.126126126126126170e+00,7.337562977074290416e+01
3.135135135135135087e+00,7.115398884033071170e+01
3.144144144144144004e+00,6.150994031091443759e+01
3.153153153153152921e+00,7.273558829266001169e+01
3.162162162162162282e+00,7.703796064880489780e+01
3.171171171171171199e+00,7.068728647265594134e+01
3.180180180180180116e+00,7.101683790899384974e+01
3.189189189189189033e+00,6.636210812364430467e+01
3.198198198198198394e+00,5.994289678024326662e+01
3.207207207207207311e+00,6.977191234222215144e+01
3.216216216216216228e+00,6.287535454388597600e+01
3.225225225225225145e+00,7.328709477714792797e+01
3.234234234234234062e+00,6.721598689900145018e+01
3.243243243243243423e+00,6.209182240680410558e+01
3.252252252252252340e+00,7.146131146333192419e+01
3.261261261261261257e+00,7.787382263213750377e+01
3.270270270270270174e+00,7.106068600985915396e+01
3.279279279279279091e+00,6.138147054332906549e+01
3.288288288288288452e+00,6.922048864474925267e+01
3.297297297297297369e+00,7.776249810217969127e+01
3.306306306306306286e+00,6.499157871341307668e+01
3.315315315315315203e+00,7.797300089877056450e+01
3.324324324324324120e+00,8.062536079913874687e+01
3.333333333333333481e+00,7.477879686875037635e+01
3.342342342342342398e+00,8.184855818138315442e+01
3.351351351351351315e+00,7.112286179909443717e+01
3.360360360360360232e+00,7.106856930443679232e+01
3.369369369369369149e+00,6.812289440931073159e+01
3.378378378378378510e+00,6.741639846365741562e+01
3.387387387387387427e+00,6.844531324977782560e+01
3.396396396396396344e+00,7.571817896118970737e+01
3.405405405405405261e+00,7.920833771001400692e+01
3.414414414414414178e+00,8.006128108218879902e+01
3.423423423423423539e+00,7.894145644256784067e+01
3.432432432432432456e+00,6.935184296239351909e+01
3.441441441441441373e+00,7.388831503080646712e+01
3.450450450450450290e+00,6.656944628132356456e+01
3.459459459459459651e+00,6.903493938220371717e+01
3.468468468468468568e+00,8.306655480119928825e+01
3.477477477477477485e+00,6.484781801038002413e+01
3.486486486486486402e+00,8.227994185752054079e+01
3.495495495495495319e+00,7.723842928167029243e+01
3.504504504504504681e+00,6.968888444667938131e+01
3.513513513513513598e+00,7.687544852904311199e+01
3.522522522522522515e+00,6.972886203635813729e+01
3.531531531531531432e+00,7.468937563050636186e+01
3.540540540540540349e+00,6.929666658457300343e+01
3.549549549549549710e+00,7.738448501772315069e+01
3.558558558558558627e+00,7.967488133870327260e+01
3.567567567567567544e+00,7.571791881981368988e+01
3.576576576576576461e+00,6.750511677661194199e+01
3.585585585585585378e+00,7.171056973284900948e+01
3.594594594594594739e+00,8.337232239764936992e+01
3.603603603603603656e+00,7.566368301863009549e+01
3.612612612612612573e+00,7.530048005079702023e+01
3.621621621621621490e+00,8.530443642088302170e+01
3.630630630630630407e+00,7.210633991101097706e+01
3.639639639639639768e+00,8.747261437673472528e+01
3.648648648648648685e+00,8.785911380841390894e+01
3.657657657657657602e+00,7.807559209780305309e+01
3.666666666666666519e+00,7.140060123994011576e+01
3.675675675675675436e+00,8.538050509330092552e+01
3.684684684684684797e+00,7.406312567913558098e+01
3.693693693693693714e+00,8.649678660493019322e+01
3.702702702702702631e+00,8.587714799484948003e+01
3.711711711711711548e+00,7.680883316245771653e+01
3.720720720720720909e+00,7.648903194009152173e+01
3.729729729729729826e+00,8.603191533488310938e+01
3.738738738738738743e+00,7.655827844269825277e+01
3.747747747747747660e+00,8.127541118800360209e+01
3.756756756756756577e+00,8.650215899724736346e+01
3.765765765765765938e+00,8.173476895468347436e+01
3.774774774774774855e+00,9.020443341445300689e+01
3.783783783783783772e+00,7.798101530797357839e+01
3.792792792792792689e+00,8.945186437080141673e+01
3.801801801801801606e+00,8.532474638195989769e+01
3.810810810810810967e+00,7.963368274806563818e+01
3.819819819819819884e+00,9.163898625753282090e+01
3.828828828828828801e+00,7.450250546613115432e+01
3.837837837837837718e+00,8.863559881969779042e+01
3.846846846846846635e+00,7.597351599299825864e+01
3.855855855855855996e+00,8.920439386168874307e+01
3.864864864864864913e+00,7.316019599640027593e+01
3.873873873873873830e+00,8.447961603971461386e+01
3.882882882882882747e+00,8.921602791558247247e+01
3.891891891891891664e+00,7.693281052548259424e+01
3.900900900900901025e+00,9.234106276363532118e+01
3.909909909909909942e+00,8.866871598446806502e+01
3.918918918918918859e+00,9.260333651869473215e+01
3.927927927927927776e+00,8.610350652633059099e+01
3.936936936936936693e+00,8.005585577139095221e+01
3.945945945945946054e+00,8.945976926993427014e+01
3.954954954954954971e+00,8.058511905357195815e+01
3.963963963963963888e+00,7.968945094553856734e+01
3.972972972972972805e+00,8.374737551258739643e+01
3.981981981981982166e+00,9.000666273272011608e+01
3.990990990990991083e+00,7.636437626425995973e+01
4.000000000000000000e+00,7.589279736634797757e+01
4.009009009009009361e+00,8.280932816330314949e+01
4.018018018018017834e+00,8.391712863994280269e+01
4.027027027027027195e+00,8.021220425242078989e+01
4.036036036036035668e+00,8.457670563073733661e+01
4.045045045045045029e+00,7.898508855146596375e+01
4.054054054054054390e+00,7.803386687941454625e+01
4.063063063063062863e+00,9.489205632859361117e+01
4.072072072072072224e+00,8.862764935770448460e+01
4.081081081081080697e+00,8.338363442838563344e+01
4.090090090090090058e+00,8.852394612634034843e+01
4.099099099099099419e+00,8.446362577326171106e+01
4.108108108108107892e+00,9.635935238978277084e+01
4.117117117117117253e+00,9.537706880054452085e+01
4.126126126126125726e+00,8.318441505908185718e+01
4.135135135135135087e+00,7.890588094711139888e+01
4.144144144144144448e+00,9.489685548729455888e+01
4.153153153153152921e+00,9.437825538772028722e+01
4.162162162162162282e+00,9.552001754879096040e+01
4.171171171171170755e+00,8.392225064400449241e+01
4.180180180180180116e+00,8.439134780116307866e+01
4.189189189189189477e+00,9.485928117672651183e+01
4.198198198198197950e+00,9.433311834547717467e+01
4.207207207207207311e+00,8.962623085865538997e+01
4.216216216216215784e+00,9.519106135976817029e+01
4.225225225225225145e+00,8.569442054616746418e+01
4.234234234234234506e+00,9.280796467753978618e+01
4.243243243243243867e+00,8.663844558476493773e+01
4.252252252252252340e+00,9.728646772053315317e+01
4.261261261261260813e+00,8.214752368192047527e+01
4.270270270270270174e+00,9.579352821330499523e+01
4.279279279279279535e+00,8.750660591369143049e+01
4.288288288288288896e+00,9.705691605545285938e+01
4.297297297297297369e+00,9.936639027572364569e+01
4.306306306306305842e+00,9.924961591611965162e+01
4.315315315315315203e+00,8.940119823712176128e+01
4.324324324324324564e+00,8.355089457395862951e+01
4.333333333333333925e+00,1.007890017205808988e+02
4.342342342342342398e+00,1.012863264759787398e+02
4.351351351351350871e+00,1.008890086780439503e+02
4.360360360360360232e+00,1.024806463938619601e+02
4.369369369369369593e+00,8.678406596258525951e+01
4.378378378378378954e+00,9.133419588155055635e+01
4.387387387387387427e+00,8.713679935245230013e+01
4.396396396396395900e+00,1.020292932992196171e+02
4.405405405405405261e+00,9.995586348688253508e+01
4.414414414414414622e+00,1.040955242123104370e+02
4.423423423423423984e+00,9.561401045721368064e+01
4.432432432432432456e+00,8.711444546714139392e+01
4.441441441441440929e+00,9.878131123563048277e+01
4.450450450450450290e+00,9.366394171752671127e+01
4.459459459459459651e+00,1.062589945173989605e+02
4.468468468468469013e+00,9.301413201468648140e+01
4.477477477477477485e+00,9.070100287658854654e+01
4.486486486486485958e+00,9.709811111860184951e+01
4.495495495495495319e+00,9.552943961355944680e+01
4.504504504504504681e+00,1.002364909793081438e+02
4.513513513513514042e+00,1.009878448706535323e+02
4.522522522522522515e+00,1.020799941758920681e+02
4.531531531531530987e+00,9.185111833660680247e+01
4.540540540540540349e+00,8.967518562852220043e+01
4.549549549549549710e+00,1.088186258475772235e+02
4.558558558558559071e+00,9.621019654531745857e+01
4.567567567567567544e+00,9.922748271800658415e+01
4.576576576576576016e+00,1.038664774524945216e+02
4.585585585585585378e+00,9.941547780022273173e+01
4.594594594594594739e+00,9.680218449117364798e+01
4.603603603603604100e+00,1.043442658043170894e+02
4.612612612612612573e+00,1.035161853633035633e+02
4.621621621621621046e+00,1.060344683762806994e+02
4.630630630630630407e+00,9.278231586325054536e+01
4.639639639639639768e+00,9.259474231932389898e+01
4.648648648648649129e+00,1.029019590472323529e+02
4.657657657657657602e+00,9.361106887171442281e+01
4.666666666666666075e+00,1.109149803475589096e+02
4.675675675675675436e+00,1.017990655548788226e+02
4.684684684684684797e+00,9.603269645474154004e+01
4.693693693693694158e+00,9.832446835452149969e+01
4.702702702702702631e+00,9.690547277913444191e+01
4.711711711711711104e+00,1.118878446508307150e+02
4.720720720720720465e+00,1.039272664945776370e+02
4.729729729729729826e+00,1.007389335560890800e+02
4.738738738738739187e+00,1.036989342714762472e+02
4.747747747747747660e+00,1.077235868294582133e+02
4.756756756756756133e+00,1.135108652825983881e+02
4.765765765765765494e+00,1.129127691876395687e+02
4.774774774774774855e+00,1.019684084267917967e+02
4.783783783783784216e+00,1.008474484726269793e+02
4.792792792792792689e+00,1.113298629333058187e+02
4.801801801801801162e+00,1.108852853202335638e+02
4.810810810810810523e+00,1.053933667208649752e+02
4.819819819819819884e+00,1.089061998247260021e+02
4.828828828828829245e+00,1.105414543229263415e+02
4.837837837837837718e+00,1.036510295490634519e+02
4.846846846846846191e+00,1.031950814313500757e+02
4.855855855855855552e+00,1.082848816341810050e+02
4.864864864864864913e+00,1.027611278942870854e+02
4.873873873873874274e+00,1.053851337473861207e+02
4.882882882882882747e+00,9.853932945584114123e+01
4.891891891891891220e+00,1.113898795625732134e+02
4.900900900900900581e+00,9.956876660347384700e+01
4.909909909909909942e+00,1.016717855041287777e+02
4.918918918918919303e+00,1.146759638274671431e+02
4.927927927927927776e+00,1.088361906779407207e+02
4.936936936936936249e+00,1.070312071845133488e+02
4.945945945945945610e+00,1.137230896847780031e+02
4.954954954954954971e+00,1.125574784783381119e+02
4.963963963963964332e+00,1.137713526373182731e+02
4.972972972972972805e+00,1.176130761400402918e+02
4.981981981981982166e+00,1.169122205582127378e+02
4.990990990990990639e+00,1.017694841283499869e+02
5.000000000000000000e+00,1.200650504539998309e+02
5.009009009009009361e+00,1.209360144709314540e+02
5.018018018018017834e+00,1.183783222502881358e+02
5.027027027027027195e+00,1.090473231468536710e+02
5.036036036036035668e+00,1.150127679362771715e+02
5.045045045045045029e+00,1.042890997975908931e+02
5.054054054054054390e+00,1.217226434741511127e+02
5.063063063063062863e+00,1.071107226659542562e+02
5.072072072072072224e+00,1.042159533656199955e+02
5.081081081081080697e+00,1.189338525037033349e+02
5.090090090090090058e+00,1.196590186884541112e+02
5.099099099099099419e+00,1.102793998696630666e+02
5.108108108108107892e+00,1.122590830571128464e+02
5.117117117117117253e+00,1.136551825507796565e+02
5.126126126126125726e+00,1.120240016112443158e+02
5.135135135135135087e+00,1.126686969899511865e+02
5.144144144144144448e+00,1.166252262719642374e+02
5.153153153153152921e+00,1.063271045098224334e+02
5.162162162162162282e+00,1.253544658644412948e+02
5.171171171171170755e+00,1.182599028416535702e+02
5.180180180180180116e+00,1.182759911519439981e+02
5.189189189189189477e+00,1.158776151759865911e+02
5.198198198198197950e+00,1.190829377073135760e+02
5.207207207207207311e+00,1.141430764870273720e+02
5.216216216216215784e+00,1.157996967768674637e+02
5.225225225225225145e+00,1.174225291767296966e+02
5.234234234234234506e+00,1.198187299425524941e+02
5.243243243243242979e+00,1.124902492225055255e+02
5.252252252252252340e+00,1.223678239706774917e+02
5.261261261261260813e+00,1.100111832617277088e+02
5.270270270270270174e+00,1.263007401076112330e+02
5.279279279279279535e+00,1.209874903995134332e+02
5.288288288288288008e+00,1.236810657026654070e+02
5.297297297297297369e+00,1.238010165471340827e+02
5.306306306306305842e+00,1.199671692172355932e+02
5.315315315315315203e+00,1.263131476776146513e+02
5.324324324324324564e+00,1.237323483551321317e+02
5.333333333333333037e+00,1.193343155033085452e+02
5.342342342342342398e+00,1.242968770406118608e+02
5.351351351351350871e+00,1.316812607737622614e+02
5.360360360360360232e+00,1.120543793406227024e+02
5.369369369369369593e+00,1.160483047598821571e+02
5.378378378378378066e+00,1.221965667783770471e+02
5.387387387387387427e+00,1.313438766076844786e+02
5.396396396396396788e+00,1.324933459530525397e+02
5.405405405405405261e+00,1.172997954108371772e+02
5.414414414414414622e+00,1.320078156921119898e+02
5.423423423423423095e+00,1.231694833542428427e+02
5.432432432432432456e+00,1.231447591118214007e+02
5.441441441441441818e+00,1.264179368700814763e+02
5.450450450450450290e+00,1.222952387969240817e+02
5.459459459459459651e+00,1.286614937048089757e+02
5.468468468468468124e+00,1.267730712689771622e+02
5.477477477477477485e+00,1.245573722839505564e+02
5.486486486486486847e+00,1.164712085762332947e+02
5.495495495495495319e+00,1.355158255767777291e+02
5.504504504504504681e+00,1.185906730177404711e+02
5.513513513513513153e+00,1.264396838546607142e+02
5.522522522522522515e+00,1.361216296007092410e+02
5.531531531531531876e+00,1.221226259150052726e+02
5.540540540540540349e+00,1.219823913543971088e+02
5.549549549549549710e+00,1.208758166524830671e+02
5.558558558558558182e+00,1.253051330759395086e+02
5.567567567567567544e+00,1.206674138183513634e+02
5.576576576576576905e+00,1.256564031600374705e+02
5.585585585585585378e+00,1.276246307248906788e+02
5.594594594594594739e+00,1.340808609395547819e+02
5.603603603603603212e+00,1.383082876804375019e+02
5.612612612612612573e+00,1.246241635765040598e+02
5.621621621621621934e+00,1.285469756283614231e+02
5.630630630630630407e+00,1.365900521370984677e+02
5.639639639639639768e+00,1.311537940008977614e+02
5.648648648648648241e+00,1.269788768274048891e+02
5.657657657657657602e+00,1.401572203908604308e+02
5.666666666666666963e+00,1.319380319039688914e+02
5.675675675675675436e+00,1.398494354556412418e+02
5.684684684684684797e+00,1.361234422337208514e+02
5.693693693693693270e+00,1.234553775140929730e+02
5.702702702702702631e+00,1.232743053731554852e+02
5.711711711711711992e+00,1.339828794303470829e+02
5.720720720720720465e+00,1.304868124877650359e+02
5.729729729729729826e+00,1.438113030394331986e+02
5.738738738738738299e+00,1.315916681651765145e+02
5.747747747747747660e+00,1.297280654657595278e+02
5.756756756756757021e+00,1.442039342301804936e+02
5.765765765765765494e+00,1.305551805338452596e+02
5.774774774774774855e+00,1.437070856838479358e+02
5.783783783783783328e+00,1.325864176787975168e+02
5.792792792792792689e+00,1.444324687087683117e+02
5.801801801801802050e+00,1.425152419280349818e+02
5.810810810810810523e+00,1.389202662638507775e+02
5.819819819819819884e+00,1.288114113083522909e+02
5.828828828828828357e+00,1.378233622893856420e+02
5.837837837837837718e+00,1.310516160570199702e+02
5.846846846846847079e+00,1.358963580423674387e+02
5.855855855855855552e+00,1.394832202606395413e+02
5.864864864864864913e+00,1.463768939227525152e+02
5.873873873873874274e+00,1.296491115086333821e+02
5.882882882882882747e+00,1.382552837787877422e+02
5.891891891891892108e+00,1.422251303898649724e+02
5.900900900900900581e+00,1.356844409689413453e+02
5.909909909909909942e+00,1.310247079241638346e+02
5.918918918918919303e+00,1.441945289244191883e+02
5.927927927927927776e+00,1.371481458020960531e+02
5.936936936936937137e+00,1.483828300395796305e+02
5.945945945945945610e+00,1.325583261455342381e+02
5.954954954954954971e+00,1.342166243333122964e+02
5.963963963963964332e+00,1.477442325031587131e+02
5.972972972972972805e+00,1.344155906509745080e+02
5.981981981981982166e+00,1.414374604916182534e+02
5.990990990990990639e+00,1.436456719881129231e+02
6.000000000000000000e+00,1.351712884782501760e+02
6.009009009009009361e+00,1.444748853580135233e+02
6.018018018018017834e+00,1.512793547841587269e+02
6.027027027027027195e+00,1.444681582997289411e+02
6.036036036036035668e+00,1.477159951970693896e+02
6.045045045045045029e+00,1.370105230073956477e+02
6.054054054054054390e+00,1.351141911805201232e+02
6.063063063063062863e+00,1.398562156813873116e+02
6.072072072072072224e+00,1.386890684010064376e+02
6.081081081081080697e+00,1.389157318648694002e+02
6.090090090090090058e+00,1.381528126833362364e+02
6.099099099099099419e+00,1.418708304191447667e+02
6.108108108108107892e+00,1.458357045192689725e+02
6.117117117117117253e+00,1.567532599748265341e+02
6.126126126126125726e+00,1.482655700248289179e+02
6.135135135135135087e+00,1.490664677471378354e+02
6.144144144144144448e+00,1.564613674216572576e+02
6.153153153153152921e+00,1.580667965826920067e+02
6.162162162162162282e+00,1.487676104726275810e+02
6.171171171171170755e+00,1.533681911951723578e+02
6.180180180180180116e+00,1.489865634968482766e+02
6.189189189189189477e+00,1.548137226785605094e+02
6.198198198198197950e+00,1.498115449981613665e+02
6.207207207207207311e+00,1.548930157098243683e+02
6.216216216216215784e+00,1.509557686099908267e+02
6.225225225225225145e+00,1.597583172325710450e+02
6.234234234234234506e+00,1.549236307114435647e+02
6.243243243243242979e+00,1.421759036150673694e+02
6.252252252252252340e+00,1.514252530271419630e+02
6.261261261261260813e+00,1.530983097927833967e+02
6.270270270270270174e+00,1.618311244224970835e+02
6.279279279279279535e+00,1.503488644715296800e+02
6.288288288288288008e+00,1.526958908636690353e+02
6.297297297297297369e+00,1.607466419723767501e+02
6.306306306306305842e+00,1.461270351151964064e+02
6.315315315315315203e+00,1.499476125980873746e+02
6.324324324324324564e+00,1.609856226023574095e+02
6.333333333333333037e+00,1.535811714345535393e+02
6.342342342342342398e+00,1.531536583722187572e+02
6.351351351351350871e+00,1.607435993066244180e+02
6.360360360360360232e+00,1.606792146366695135e+02
6.369369369369369593e+00,1.625309094553974489e+02
6.378378378378378066e+00,1.559104642085175669e+02
6.387387387387387427e+00,1.647002503962833373e+02
6.396396396396396788e+00,1.514810644017935886e+02
6.405405405405405261e+00,1.546385053716863354e+02
6.414414414414414622e+00,1.494342150300302308e+02
6.423423423423423095e+00,1.564440526942419751e+02
6.432432432432432456e+00,1.659457770981400984e+02
6.441441441441441818e+00,1.532095252495752788e+02
6.450450450450450290e+00,1.535524388012518671e+02
6.459459459459459651e+00,1.661388148025323801e+02
6.468468468468468124e+00,1.655833374497187265e+02
6.477477477477477485e+00,1.705815068416235363e+02
6.486486486486486847e+00,1.578766729025741711e+02
6.495495495495495319e+00,1.682806096676777372e+02
6.504504504504504681e+00,1.697491157509349193e+02
6.513513513513513153e+00,1.653500152221053554e+02
6.522522522522522515e+00,1.689660247809495104e+02
6.531531531531531876e+00,1.679897825563008382e+02
6.540540540540540349e+00,1.566048670458106642e+02
6.549549549549549710e+00,1.604481454734672354e+02
6.558558558558558182e+00,1.730413901603716909e+02
6.567567567567567544e+00,1.674125079370276410e+02
6.576576576576576905e+00,1.551378543338667271e+02
6.585585585585585378e+00,1.645532395909078787e+02
6.594594594594594739e+00,1.702341634219335162e+02
6.603603603603603212e+00,1.648887211060018672e+02
6.612612612612612573e+00,1.686189408154475018e+02
6.621621621621621934e+00,1.638921040671007745e+02
6.630630630630630407e+00,1.726851961402799702e+02
6.639639639639639768e+00,1.703174648808966367e+02
6.648648648648648241e+00,1.718180884269482078e+02
6.657657657657657602e+00,1.666126426251406087e+02
6.666666666666666963e+00,1.702995778943631535e+02
6.675675675675675436e+00,1.617765425406857958e+02
6.684684684684684797e+00,1.739012970269054392e+02
6.693693693693693270e+00,1.636191979139380237e+02
6.702702702702702631e+00,1.606625450907272068e+02
6.711711711711711992e+00,1.706592973693938973e+02
6.720720720720720465e+00,1.611255832115941189e+02
6.729729729729729826e+00,1.718103464446464841e+02
6.738738738738738299e+00,1.731582682335604204e+02
6.747747747747747660e+00,1.779038319115784077e+02
6.756756756756757021e+00,1.666985232431265729e+02
6.765765765765765494e+00,1.746643164262811752e+02
6.774774774774774855e+00,1.813892998367962832e+02
6.783783783783783328e+00,1.643866776352523118e+02
6.792792792792792689e+00,1.696791114537604415e+02
6.801801801801802050e+00,1.822256360494384921e+02
6.810810810810810523e+00,1.716945365395856982e+02
6.819819819819819884e+00,1.820927709388318760e+02
6.828828828828828357e+00,1.649928661836171102e+02
6.837837837837837718e+00,1.809916335292098211e+02
6.846846846846847079e+00,1.697946567918692722e+02
6.855855855855855552e+00,1.662214703482427467e+02
6.864864864864864913e+00,1.836468460105504050e+02
6.873873873873873386e+00,1.777393033593851897e+02
6.882882882882882747e+00,1.760923552911899037e+02
6.891891891891892108e+00,1.869714101913000945e+02
6.900900900900900581e+00,1.835268484536961751e+02
6.909909909909909942e+00,1.714164769405035713e+02
6.918918918918919303e+00,1.711349343239544112e+02
6.927927927927927776e+00,1.823714363707332780e+02
6.936936936936937137e+00,1.776609440774295194e+02
6.945945945945945610e+00,1.819814702659832335e+02
6.954954954954954971e+00,1.785194612931324230e+02
6.963963963963964332e+00,1.812978835198173897e+02
6.972972972972972805e+00,1.870534571456105652e+02
6.981981981981982166e+00,1.884432902056534544e+02
6.990990990990990639e+00,1.866463352008217953e+02
7.000000000000000000e+00,1.833455796111682616e+02
7.009009009009009361e+00,1.914202179190173752e+02
7.018018018018017834e+00,1.779508120626697973e+02
7.027027027027027195e+00,1.896377223270015975e+02
7.036036036036035668e+00,1.750273861550735717e+02
7.045045045045045029e+00,1.872409426200985649e+02
7.054054054054054390e+00,1.759611862185798827e+02
7.063063063063062863e+00,1.893655812398778835e+02
7.072072072072072224e+00,1.771501539835093411e+02
7.081081081081080697e+00,1.849135811969690906e+02
7.090090090090090058e+00,1.864008141919415493e+02
7.099099099099099419e+00,1.878871670613871174e+02
7.108108108108107892e+00,1.841578773097317310e+02
7.117117117117117253e+00,1.816809699941538554e+02
7.126126126126125726e+00,1.886505499946084683e+02
7.135135135135135087e+00,1.964294924209975477e+02
7.144144144144144448e+00,1.845583424171473723e+02
7.153153153153152921e+00,1.968244465008928046e+02
7.162162162162162282e+00,1.871035591911611959e+02
7.171171171171170755e+00,1.928418574131892456e+02
7.180180180180180116e+00,1.821675303272209021e+02
7.189189189189189477e+00,1.953673085763452661e+02
7.198198198198197950e+00,1.905404500250829187e+02
7.207207207207207311e+00,1.998042673323106442e+02
7.216216216216215784e+00,1.925587557728859167e+02
7.225225225225225145e+00,1.902501796071064746e+02
7.234234234234234506e+00,1.914372732423394439e+02
7.243243243243242979e+00,1.948809450291976475e+02
7.252252252252252340e+00,1.967657199785184616e+02
7.261261261261260813e+00,1.965240547198002616e+02
7.270270270270270174e+00,1.960427680327649966e+02
7.279279279279279535e+00,1.963763517238304246e+02
7.288288288288288008e+00,1.939943421976377920e+02
7.297297297297297369e+00,2.001278461587563982e+02
7.306306306306305842e+00,1.876310589790267045e+02
7.315315315315315203e+00,1.930126236230750010e+02
7.324324324324324564e+00,2.006146404181588139e+02
7.333333333333333037e+00,1.889029922833617263e+02
7.342342342342342398e+00,1.925967968584955372e+02
7.351351351351350871e+00,1.987971647296613185e+02
7.360360360360360232e+00,1.948764944813964632e+02
7.369369369369369593e+00,2.024312948442000959e+02
7.378378378378378066e+00,1.956393566314209238e+02
7.387387387387387427e+00,1.918670509030229709e+02
7.396396396396395900e+00,2.062788836067524016e+02
7.405405405405405261e+00,2.020978035997548545e+02
7.414414414414414622e+00,2.053341975281794873e+02
7.423423423423423095e+00,2.080205377729712950e+02
7.432432432432432456e+00,1.944494035952567117e+02
7.441441441441441818e+00,2.049378544318564650e+02
7.450450450450450290e+00,1.928475658718379009e+02
7.459459459459459651e+00,2.034345554432192955e+02
7.468468468468468124e+00,1.939963267124374227e+02
7.477477477477477485e+00,2.083824107507733174e+02
7.486486486486486847e+00,2.031840796448348385e+02
7.495495495495495319e+00,2.085031620782086463e+02
7.504504504504504681e+00,1.968677809741984674e+02
7.513513513513513153e+00,2.058037503235782708e+02
7.522522522522522515e+00,1.975704880782598991e+02
7.531531531531531876e+00,2.112408839183266309e+02
7.540540540540540349e+00,1.999861046920920273e+02
7.549549549549549710e+00,2.085102998986315299e+02
7.558558558558558182e+00,2.148391356347328838e+02
7.567567567567567544e+00,2.131367718491650010e+02
7.576576576576576905e+00,2.136798487073370154e+02
7.585585585585585378e+00,2.151643998472972896e+02
7.594594594594594739e+00,2.052793965741831244e+02
7.603603603603603212e+00,2.097890668094670730e+02
7.612612612612612573e+00,2.152111783244444609e+02
7.621621621621621934e+00,2.018481913605592126e+02
7.630630630630630407e+00,2.136738041220779110e+02
7.639639639639639768e+00,2.110130375554364264e+02
7.648648648648648241e+00,2.184263445211276746e+02
7.657657657657657602e+00,2.062951908248530231e+02
7.666666666666666963e+00,2.075505218818120454e+02
7.675675675675675436e+00,2.178543527358065717e+02
7.684684684684684797e+00,2.066954779734937802e+02
7.693693693693693270e+00,2.187557463690354780e+02
7.702702702702702631e+00,2.051069752062736313e+02
7.711711711711711992e+00,2.085417443347297421e+02
7.720720720720720465e+00,2.093393307027622825e+02
7.729729729729729826e+00,2.035153984110611134e+02
7.738738738738738299e+00,2.112892027694551018e+02
7.747747747747747660e+00,2.084855201572352428e+02
7.756756756756757021e+00,2.160689641538565979e+02
7.765765765765765494e+00,2.166820699456380623e+02
7.774774774774774855e+00,2.219301065339338948e+02
7.783783783783783328e+00,2.171225703238249309e+02
7.792792792792792689e+00,2.208852637168424167e+02
7.801801801801802050e+00,2.126043330506844313e+02
7.810810810810810523e+00,2.113206889256616705e+02
7.819819819819819884e+00,2.152357515277493860e+02
7.828828828828828357e+00,2.235190381243694731e+02
7.837837837837837718e+00,2.149184580624317675e+02
7.846846846846847079e+00,2.151079523325527134e+02
7.855855855855855552e+00,2.244043168676288076e+02
7.864864864864864913e+00,2.205437829173605166e+02
7.873873873873873386e+00,2.136246078588970931e+02
7.882882882882882747e+00,2.168263861173958560e+02
7.891891891891892108e+00,2.304207276527506849e+02
7.900900900900900581e+00,2.160263927616028070e+02
7.909909909909909942e+00,2.184327938714355923e+02
7.918918918918919303e+00,2.275459847139643728e+02
7.927927927927927776e+00,2.181673560638673166e+02
7.936936936936937137e+00,2.260285978462013645e+02
7.945945945945945610e+00,2.158417290952913561e+02
7.954954954954954971e+00,2.334415085307478535e+02
7.963963963963964332e+00,2.173611401986043745e+02
7.972972972972972805e+00,2.281359552405621116e+02
7.981981981981982166e+00,2.254650766016859222e+02
7.990990990990990639e+00,2.348882774493368686e+02
8.000000000000000000e+00,2.234920128994704385e+02
8.009009009009009361e+00,2.246061763844824668e+02
8.018018018018018722e+00,2.244873592899848802e+02
8.027027027027028083e+00,2.301155739466478849e+02
8.036036036036035668e+00,2.194836978202184810e+02
8.045045045045045029e+00,2.216237613421930917e+02
8.054054054054054390e+00,2.206924993574310747e+02
8.063063063063061975e+00,2.368511254335885781e+02
8.072072072072071336e+00,2.387580788391015005e+02
8.081081081081080697e+00,2.355368866618187553e+02
8.090090090090090058e+00,2.403481265815687777e+02
8.099099099099099419e+00,2.378053498703745277e+02
8.108108108108108780e+00,2.271348608198451586e+02
8.117117117117118141e+00,2.272655654813652859e+02
8.126126126126125726e+00,2.250380193403974829e+02
8.135135135135135087e+00,2.317378119586918501e+02
8.144144144144144448e+00,2.360984218827756536e+02
8.153153153153152033e+00,2.432823502062605314e+02
8.162162162162161394e+00,2.364537170687034688e+02
8.171171171171170755e+00,2.246060809842923049e+02
8.180180180180180116e+00,2.303325658014663020e+02
8.189189189189189477e+00,2.310098913743619278e+02
8.198198198198198838e+00,2.307982128079485449e+02
8.207207207207208199e+00,2.422946230176252982e+02
8.216216216216215784e+00,2.305503058106783385e+02
8.225225225225225145e+00,2.464446733156704852e+02
8.234234234234234506e+00,2.447877084225250996e+02
8.243243243243242091e+00,2.459079931825967549e+02
8.252252252252251452e+00,2.385789170958823036e+02
8.261261261261260813e+00,2.295922665382958030e+02
8.270270270270270174e+00,2.348626021174001153e+02
8.279279279279279535e+00,2.489067149581672425e+02
8.288288288288288896e+00,2.323125129505094435e+02
8.297297297297298257e+00,2.376179015537052237e+02
8.306306306306305842e+00,2.375933764515517623e+02
8.315315315315315203e+00,2.432875826807620285e+02
8.324324324324324564e+00,2.450938819575572438e+02
8.333333333333332149e+00,2.402194372842192820e+02
8.342342342342341510e+00,2.425469314024771847e+02
8.351351351351350871e+00,2.376287133402107656e+02
8.360360360360360232e+00,2.530023214215006817e+02
8.369369369369369593e+00,2.432448745664504202e+02
8.378378378378378954e+00,2.407531360364307602e+02
8.387387387387388316e+00,2.450009396586820856e+02
8.396396396396395900e+00,2.391458682584890312e+02
8.405405405405405261e+00,2.491499364921259598e+02
8.414414414414414622e+00,2.553807911900445333e+02
8.423423423423422207e+00,2.401968014621517113e+02
8.432432432432431568e+00,2.508671033024888004e+02
8.441441441441440929e+00,2.555847050988862179e+02
8.450450450450450290e+00,2.546072630600232856e+02
8.459459459459459651e+00,2.514585421031235342e+02
8.468468468468469013e+00,2.461375197753607722e+02
8.477477477477478374e+00,2.517566473989276972e+02
8.486486486486487735e+00,2.592726674145486641e+02
8.495495495495495319e+00,2.452420115567300059e+02
8.504504504504504681e+00,2.609596894222833043e+02
8.513513513513512265e+00,2.440610696411501124e+02
8.522522522522521626e+00,2.471807341878496800e+02
8.531531531531530987e+00,2.516049962502301014e+02
8.540540540540540349e+00,2.554671874604476898e+02
8.549549549549549710e+00,2.615599523137290134e+02
8.558558558558559071e+00,2.604529927170522114e+02
8.567567567567568432e+00,2.452536959947055664e+02
8.576576576576577793e+00,2.609730396668263666e+02
8.585585585585585378e+00,2.524254262035864542e+02
8.594594594594594739e+00,2.481939564122179149e+02
8.603603603603602323e+00,2.514825803677138651e+02
8.612612612612611684e+00,2.548709290296928032e+02
8.621621621621621046e+00,2.613348500044347702e+02
8.630630630630630407e+00,2.569877548072653894e+02
8.639639639639639768e+00,2.557506842958562174e+02
8.648648648648649129e+00,2.533204938012924856e+02
8.657657657657658490e+00,2.661090594776723606e+02
8.666666666666667851e+00,2.596536218427522726e+02
8.675675675675675436e+00,2.641903040487704288e+02
8.684684684684684797e+00,2.594034919816964475e+02
8.693693693693692381e+00,2.522478470854671286e+02
8.702702702702701743e+00,2.697788859804524577e+02
8.711711711711711104e+00,2.642501463611536110e+02
8.720720720720720465e+00,2.534877503819266451e+02
8.729729729729729826e+00,2.692178919133779118e+02
8.738738738738739187e+00,2.544550462468998546e+02
8.747747747747748548e+00,2.563701519125700088e+02
8.756756756756757909e+00,2.649921064085845046e+02
8.765765765765765494e+00,2.557425610897796844e+02
8.774774774774774855e+00,2.615283123000405112e+02
8.783783783783782440e+00,2.593096820515951322e+02
8.792792792792791801e+00,2.648711573207103243e+02
8.801801801801801162e+00,2.723681526821071088e+02
8.810810810810810523e+00,2.662974348286098802e+02
8.819819819819819884e+00,2.771352526270709973e+02
8.828828828828829245e+00,2.736762447315059603e+02
8.837837837837838606e+00,2.592286497359820601e+02
8.846846846846847967e+00,2.591881152923666036e+02
8.855855855855855552e+00,2.685244610936488812e+02
8.864864864864864913e+00,2.762542282805821969e+02
8.873873873873872498e+00,2.711993102196101972e+02
8.882882882882881859e+00,2.717950588011593709e+02
8.891891891891891220e+00,2.671305471937350831e+02
8.900900900900900581e+00,2.625539293003627108e+02
8.909909909909909942e+00,2.794154755101957335e+02
8.918918918918919303e+00,2.630034242609804096e+02
8.927927927927928664e+00,2.650515130770480710e+02
8.936936936936938025e+00,2.649746663378379026e+02
8.945945945945945610e+00,2.643879189818420627e+02
8.954954954954954971e+00,2.697013458183272974e+02
8.963963963963964332e+00,2.801246006315076897e+02
8.972972972972971917e+00,2.843064277787579499e+02
8.981981981981981278e+00,2.688191434192680731e+02
8.990990990990990639e+00,2.710535353728926111e+02
9.000000000000000000e+00,2.737444563839299008e+02
9.009009009009009361e+00,2.877250266413215058e+02
9.018018018018018722e+00,2.715413661591583150e+02
9.027027027027026307e+00,2.880406484111775853e+02
9.036036036036035668e+00,2.821868864137721289e+02
9.045045045045045029e+00,2.833165202139725807e+02
9.054054054054054390e+00,2.830897702189209326e+02
9.063063063063063751e+00,2.719496696414861958e+02
9.072072072072071336e+00,2.857600227405899886e+02
9.081081081081080697e+00,2.799307442820946221e+02
9.090090090090090058e+00,2.882842936043844020e+02
9.099099099099099419e+00,2.919511491454460952e+02
9.108108108108108780e+00,2.796987318130527456e+02
9.117117117117116365e+00,2.858283921563058243e+02
9.126126126126125726e+00,2.927093912758429610e+02
9.135135135135135087e+00,2.794431617190719521e+02
9.144144144144144448e+00,2.773693943031772733e+02
9.153153153153153809e+00,2.882739317147633074e+02
9.162162162162161394e+00,2.870752816447474629e+02
9.171171171171170755e+00,2.948248820490148319e+02
9.180180180180180116e+00,2.793068321404795142e+02
9.189189189189189477e+00,2.781808446755398450e+02
9.198198198198198838e+00,2.842820243798311139e+02
9.207207207207206423e+00,2.850056302826587853e+02
9.216216216216215784e+00,2.929555702674213649e+02
9.225225225225225145e+00,2.980660357921555601e+02
9.234234234234234506e+00,2.891749149340449776e+02
9.243243243243243867e+00,2.896707411747395895e+02
9.252252252252251452e+00,2.827029547267767384e+02
9.261261261261260813e+00,3.016821288292827035e+02
9.270270270270270174e+00,2.965812949401535548e+02
9.279279279279279535e+00,2.959539321826151195e+02
9.288288288288288896e+00,2.899456575895683841e+02
9.297297297297296481e+00,2.872112134144948641e+02
9.306306306306305842e+00,2.936035966817336202e+02
9.315315315315315203e+00,3.041805876227711565e+02
9.324324324324324564e+00,2.874075618209854497e+02
9.333333333333333925e+00,2.880816589215344834e+02
9.342342342342341510e+00,3.061721739974916545e+02
9.351351351351350871e+00,2.960751726077054968e+02
9.360360360360360232e+00,2.966912356293250355e+02
9.369369369369369593e+00,2.937444048304456601e+02
9.378378378378378954e+00,2.986930941039316849e+02
9.387387387387386539e+00,2.979653253340893002e+02
9.396396396396395900e+00,2.946159333441420358e+02
9.405405405405405261e+00,3.002206819508368199e+02
9.414414414414414622e+00,3.011451996294172204e+02
9.423423423423423984e+00,3.032012824761983438e+02
9.432432432432431568e+00,2.956145646232071726e+02
9.441441441441440929e+00,2.946947153664228267e+02
9.450450450450450290e+00,3.084752581267615597e+02
9.459459459459459651e+00,3.042930753695277986e+02
9.468468468468469013e+00,3.113906577305658061e+02
9.477477477477476597e+00,3.132124183671384117e+02
9.486486486486485958e+00,2.967648961833585304e+02
9.495495495495495319e+00,3.058509284022221095e+02
9.504504504504504681e+00,3.016419786151722064e+02
9.513513513513514042e+00,3.093910674212568210e+02
9.522522522522521626e+00,2.984127009776966020e+02
9.531531531531530987e+00,2.993055843010787953e+02
9.540540540540540349e+00,3.044256196614281862e+02
9.549549549549549710e+00,3.103075493169677657e+02
9.558558558558559071e+00,3.105072054117597418e+02
9.567567567567566655e+00,3.040026806110938651e+02
9.576576576576576016e+00,3.072458341247728981e+02
9.585585585585585378e+00,3.031494077264170528e+02
9.594594594594594739e+00,3.141358234204186601e+02
9.603603603603604100e+00,3.199959604693192432e+02
9.612612612612611684e+00,3.083192857133475400e+02
9.621621621621621046e+00,3.145831814893563205e+02
9.630630630630630407e+00,3.111735281289321620e+02
9.639639639639639768e+00,3.109482854616770737e+02
9.648648648648649129e+00,3.214805188258670796e+02
9.657657657657656713e+00,3.244277913364157939e+02
9.666666666666666075e+00,3.216948626868610290e+02
9.675675675675675436e+00,3.086362988152965272e+02
9.684684684684684797e+00,3.201664443767558055e+02
9.693693693693694158e+00,3.226211884912575556e+02
9.702702702702701743e+00,3.082761380150600417e+02
9.711711711711711104e+00,3.142890684059804585e+02
9.720720720720720465e+00,3.177701322609098042e+02
9.729729729729729826e+00,3.203865194784958135e+02
9.738738738738739187e+00,3.252493320094615683e+02
9.747747747747748548e+00,3.275443948182785334e+02
9.756756756756756133e+00,3.150691618057213077e+02
9.765765765765765494e+00,3.206648130453154977e+02
9.774774774774774855e+00,3.274982024194275141e+02
9.783783783783784216e+00,3.238723094408032921e+02
9.792792792792793577e+00,3.317802982782802701e+02
9.801801801801801162e+00,3.263109318289408520e+02
9.810810810810810523e+00,3.292674549238080886e+02
9.819819819819819884e+00,3.149188834820345164e+02
9.828828828828829245e+00,3.344976025407132170e+02
9.837837837837838606e+00,3.307907733531875465e+02
9.846846846846846191e+00,3.339338841868469672e+02
9.855855855855855552e+00,3.201940984924316353e+02
9.864864864864864913e+00,3.188139169185038782e+02
9.873873873873874274e+00,3.202860819342376999e+02
9.882882882882883635e+00,3.357856997284809495e+02
9.891891891891891220e+00,3.377906723893838148e+02
9.900900900900900581e+00,3.292804416968179453e+02
9.909909909909909942e+00,3.270225364166996087e+02
9.918918918918919303e+00,3.293875243720304979e+02
9.927927927927928664e+00,3.384863326178682428e+02
9.936936936936936249e+00,3.346628131750795205e+02
9.945945945945945610e+00,3.368970439924815423e+02
9.954954954954954971e+00,3.257669486861999530e+02
9.963963963963964332e+00,3.350640330082654827e+02
9.972972972972973693e+00,3.390832239375862400e+02
9.981981981981981278e+00,3.349787466297012770e+02
9.990990990990990639e+00,3.297578121275671492e+02
1.000000000000000000e+01,3.307057869253004014e+02
